Loci = 19
Genes = 20
Distinct Haplotypes = 6
Stationary = 0.67778
Haplotypes
0 1 1 0 0 0 0 1 0 0 0 1 0 0 0 0 1 1 0 14
0 1 1 0 0 0 0 1 0 1 0 1 0 0 0 0 1 1 0 1
0 0 0 0 0 1 0 0 0 0 1 0 0 0 0 0 0 0 1 1
0 0 0 0 0 0 0 0 1 0 0 0 1 0 0 1 0 0 0 1
0 1 1 0 0 0 0 1 0 0 0 1 0 1 0 0 1 1 0 2
0 0 0 1 1 1 1 0 0 0 0 0 0 0 1 0 0 0 0 1

Mutation
0.0 1.0 0.0 1.0

Positions
0.00 487.00 3980.00 4482.00 5281.00 5897.00 5921.00 6095.00 6597.00 7904.00 8607.00 9146.00 9828.00 10392.00 11465.00 11680.00 14473.00 14660.00 15328.00 
#