Loci = 20
Genes = 20
Distinct Haplotypes = 6
Stationary = 0.71316
Haplotypes
0 1 0 0 0 0 1 0 0 1 0 1 0 1 0 0 0 1 0 0 10
0 1 0 0 0 0 1 0 0 0 0 1 0 1 0 0 0 1 0 0 4
0 0 1 0 1 0 0 1 0 0 0 0 0 0 0 0 0 0 1 0 1
0 1 0 0 0 0 1 0 0 0 0 1 0 0 0 0 0 1 0 0 3
0 0 0 0 0 1 0 0 1 0 1 0 1 0 1 1 1 0 0 1 1
0 1 0 1 0 0 1 0 0 0 0 1 0 0 0 0 0 1 0 0 1

Mutation
0.0 1.0 0.0 1.0

Positions
0.00 487.00 1798.00 2987.00 3832.00 5897.00 6095.00 6299.00 7904.00 8457.00 8607.00 9146.00 9828.00 10392.00 11460.00 12634.00 13945.00 14473.00 15073.00 15328.00 
#