Loci = 23
Genes = 20
Distinct Haplotypes = 5
Stationary = 0.79318
Haplotypes
0 0 0 0 0 1 0 0 1 0 0 0 0 0 0 1 0 0 0 1 0 0 0 13
0 1 0 0 1 0 1 0 0 1 1 0 0 1 1 0 0 1 0 0 1 1 1 1
0 0 0 1 0 0 0 0 1 0 0 0 0 0 0 1 0 0 0 1 0 0 0 3
0 0 1 0 0 0 1 0 0 0 0 1 0 0 0 0 1 0 1 0 1 0 0 1
0 0 0 0 0 0 1 1 0 0 0 1 1 0 0 0 0 0 0 0 1 0 0 2

Mutation
0.0 1.0 0.0 1.0

Positions
0.00 722.00 2536.00 2905.00 2987.00 4437.00 4847.00 5134.00 5897.00 5921.00 6444.00 6597.00 7904.00 8190.00 8607.00 9828.00 10354.00 10392.00 11524.00 12634.00 12638.00 13945.00 15328.00 
#