Loci = 24
Genes = 20
Distinct Haplotypes = 8
Stationary = 0.76522
Haplotypes
0 0 0 0 0 0 0 1 0 0 0 1 0 0 0 1 0 0 0 0 0 1 1 0 12
0 0 0 1 0 1 0 0 1 0 0 0 0 0 0 0 1 1 1 1 0 0 0 0 1
0 0 0 0 0 0 0 0 0 0 1 0 1 0 0 0 0 0 0 0 1 0 0 1 1
0 1 0 0 0 0 1 0 0 1 1 0 0 0 0 0 0 0 0 0 1 0 0 1 1
0 0 1 0 0 0 0 1 0 0 0 1 0 0 0 1 0 0 0 0 0 1 1 0 2
0 1 0 0 0 0 1 0 0 1 1 0 0 1 0 0 0 0 0 0 1 0 0 1 1
0 0 0 0 1 0 0 1 0 0 0 1 0 0 0 1 0 0 0 0 0 1 1 0 1
0 0 0 0 0 0 0 1 0 0 0 1 0 0 1 1 0 0 0 0 0 1 1 0 1

Mutation
0.0 1.0 0.0 1.0

Positions
0.00 722.00 1378.00 1754.00 2633.00 4037.00 5049.00 5248.00 5281.00 5921.00 6095.00 6376.00 6444.00 7904.00 8607.00 9166.00 9828.00 11045.00 11460.00 11465.00 12638.00 14025.00 14157.00 16492.00 
#