Loci = 29
Genes = 20
Distinct Haplotypes = 9
Stationary = 0.77321
Haplotypes
0 1 0 0 0 1 0 0 0 0 0 0 1 0 1 0 0 0 0 0 0 0 0 0 1 0 0 0 1 11
0 0 0 1 0 0 1 0 0 0 0 1 0 0 0 0 1 0 0 1 0 0 1 1 0 1 1 1 0 1
0 1 0 0 0 0 0 0 1 0 0 0 1 0 1 0 0 0 0 0 0 1 0 0 1 0 0 0 1 1
0 0 0 1 1 0 0 0 0 0 0 0 0 0 0 0 1 0 1 1 0 0 1 0 0 1 1 1 0 1
0 0 0 0 0 0 0 1 0 0 0 0 0 0 0 1 0 0 0 0 1 0 0 0 0 0 0 0 0 2
0 0 0 1 0 0 0 0 0 1 0 0 0 0 0 0 1 0 0 1 0 0 1 0 0 1 1 1 0 1
0 1 0 0 0 0 0 0 0 0 0 0 1 0 1 0 0 0 0 0 0 1 0 0 1 0 0 0 1 1
0 0 1 0 0 0 0 1 0 0 1 0 0 1 0 0 0 1 0 0 1 0 0 0 0 0 0 0 0 1
0 0 0 1 0 0 0 0 0 0 0 1 0 0 0 0 1 0 0 1 0 0 1 1 0 1 1 1 0 1

Mutation
0.0 1.0 0.0 1.0

Positions
0.00 487.00 722.00 976.00 1378.00 1585.00 2987.00 3980.00 4437.00 4652.00 5049.00 5281.00 5897.00 5921.00 6095.00 6444.00 6925.00 7904.00 8607.00 9270.00 9828.00 10392.00 11232.00 11465.00 12638.00 13406.00 13552.00 14391.00 14473.00 
#