Loci = 25
Genes = 20
Distinct Haplotypes = 6
Stationary = 0.63958
Haplotypes
0 1 0 1 1 0 1 1 0 1 0 1 0 0 0 0 0 0 0 0 1 1 0 0 0 10
0 1 0 1 1 0 0 1 0 1 0 1 0 0 0 0 0 0 0 0 1 1 0 0 0 5
0 0 0 1 1 0 0 0 1 1 0 0 0 0 0 0 0 0 0 1 1 1 0 1 0 2
0 0 1 1 1 0 0 0 1 1 0 0 0 0 0 0 0 0 0 0 1 1 0 1 0 1
0 1 0 1 1 1 0 1 0 1 0 1 0 0 1 1 1 0 0 0 1 1 0 0 0 1
0 0 0 0 0 0 0 0 0 0 1 0 1 1 0 0 0 1 1 0 0 0 1 0 1 1

Mutation
0.0 1.0 0.0 1.0

Positions
0.00 722.00 1378.00 1754.00 2168.00 2987.00 4437.00 5049.00 5281.00 5334.00 5897.00 5921.00 6444.00 6608.00 7904.00 8190.00 8607.00 9166.00 9828.00 10392.00 10961.00 11045.00 11460.00 11465.00 12634.00 
#