Loci = 35
Genes = 20
Distinct Haplotypes = 7
Stationary = 0.70882
Haplotypes
0 0 1 0 1 1 0 0 1 0 0 0 0 0 1 0 1 0 1 0 0 1 0 0 1 1 0 0 0 0 0 0 1 0 0 11
0 0 0 0 0 0 0 0 0 1 0 0 0 1 0 1 0 0 0 0 1 0 0 0 0 0 0 0 0 0 1 0 0 0 0 2
0 1 0 0 0 0 1 0 0 0 0 1 1 0 0 0 0 0 0 1 0 0 0 1 0 0 0 0 0 1 0 1 0 1 0 1
0 0 1 1 1 0 0 0 1 0 0 0 0 0 1 0 1 1 1 0 0 1 0 0 1 1 0 0 0 0 0 0 1 0 0 2
0 1 0 0 0 0 1 1 0 0 0 0 0 0 0 0 0 0 0 1 0 0 0 0 0 0 0 0 0 0 0 1 0 0 0 1
0 0 1 0 1 0 0 0 1 0 0 0 0 0 1 0 1 0 1 0 0 1 0 0 1 1 1 0 0 0 0 0 1 0 0 2
0 0 0 0 0 0 0 0 0 0 1 0 0 0 0 0 0 0 0 0 1 0 1 0 0 0 0 1 1 0 1 0 0 0 1 1

Mutation
0.0 1.0 0.0 1.0

Positions
0.00 487.00 976.00 1378.00 1798.00 2987.00 3980.00 4652.00 5123.00 5134.00 5897.00 5921.00 6444.00 6608.00 6925.00 7904.00 7927.00 8607.00 8635.00 9146.00 9166.00 9620.00 9828.00 9992.00 10392.00 10858.00 11178.00 11460.00 12634.00 13945.00 14025.00 14660.00 15241.00 15328.00 16492.00 
#