Loci = 23
Genes = 20
Distinct Haplotypes = 8
Stationary = 0.85000
Haplotypes
0 0 0 1 0 0 0 0 0 0 0 0 0 0 0 0 0 0 1 0 0 0 0 10
0 0 0 0 0 1 0 0 0 0 0 1 0 0 0 0 1 0 0 0 1 0 1 2
0 0 0 0 0 1 1 0 0 0 0 1 0 0 0 0 0 0 0 0 0 0 1 2
0 0 0 0 0 0 0 1 1 0 1 0 0 0 1 0 0 0 0 1 0 1 0 1
0 1 0 0 1 0 0 0 1 1 0 0 0 1 0 1 0 1 0 0 0 1 0 1
0 0 0 0 0 1 0 0 0 0 0 1 0 0 0 0 0 0 0 0 0 0 1 2
0 0 0 0 0 1 0 0 0 0 0 1 1 0 0 0 0 0 0 0 0 0 1 1
0 0 1 0 0 1 0 0 0 0 0 1 0 0 0 0 0 0 0 0 0 0 1 1

Mutation
0.0 1.0 0.0 1.0

Positions
0.00 68.00 1378.00 2504.00 3832.00 3980.00 4482.00 5281.00 6095.00 6299.00 6444.00 7625.00 8607.00 9099.00 9185.00 9224.00 10392.00 10571.00 11460.00 11465.00 11986.00 14473.00 14660.00 
#