Loci = 27
Genes = 20
Distinct Haplotypes = 7
Stationary = 0.67115
Haplotypes
0 0 1 0 0 0 0 1 0 0 1 0 0 0 1 1 1 1 1 1 0 1 0 0 0 0 1 10
0 1 0 0 0 0 0 0 0 0 0 0 0 0 0 0 0 0 0 0 1 0 0 0 1 1 0 3
0 0 0 0 1 0 0 0 0 0 0 0 0 1 0 0 0 0 0 0 0 0 1 0 1 0 0 1
0 0 1 0 0 0 0 1 0 0 1 0 0 0 1 0 1 1 1 1 0 1 0 0 0 0 1 3
0 1 0 0 0 1 1 0 0 0 0 0 0 0 0 0 0 0 0 0 0 0 0 0 1 1 0 1
0 0 0 1 0 0 0 0 1 1 0 1 1 0 0 0 0 0 0 0 0 0 0 1 0 0 0 1
0 1 0 0 0 0 1 0 0 0 0 0 0 0 0 0 0 0 0 0 0 0 0 0 1 1 0 1

Mutation
0.0 1.0 0.0 1.0

Positions
0.00 487.00 976.00 2168.00 2504.00 2987.00 3618.00 5123.00 5281.00 5334.00 5786.00 5897.00 6510.00 6608.00 6925.00 7904.00 7927.00 8635.00 8965.00 9620.00 10392.00 10858.00 11460.00 11787.00 14025.00 14473.00 15241.00 
#