Loci = 28
Genes = 20
Distinct Haplotypes = 6
Stationary = 0.76111
Haplotypes
0 0 0 0 1 0 0 0 0 0 0 0 0 0 0 0 0 0 0 0 0 1 0 1 1 1 0 0 11
0 1 0 0 0 1 1 0 0 0 0 1 0 0 0 0 0 0 1 1 0 0 0 0 0 0 1 0 1
0 0 0 0 0 0 0 0 0 0 0 0 0 0 0 0 0 0 0 0 0 0 0 1 0 1 0 0 1
0 0 0 0 1 0 0 0 1 0 0 0 0 1 0 1 0 0 0 0 0 1 0 1 1 1 0 0 1
0 0 0 1 0 0 0 1 0 1 0 0 1 0 1 0 1 1 0 0 1 0 1 0 0 0 0 1 5
0 1 1 0 0 0 1 0 0 0 1 0 0 0 0 0 0 0 1 1 0 0 0 0 0 0 1 0 1

Mutation
0.0 1.0 0.0 1.0

Positions
0.00 487.00 722.00 976.00 2504.00 3618.00 3980.00 5123.00 5134.00 5786.00 5921.00 6016.00 6925.00 7904.00 7927.00 8403.00 8635.00 8965.00 9146.00 9224.00 9620.00 9828.00 10858.00 10961.00 11460.00 14025.00 14473.00 15241.00 
#