Loci = 20
Genes = 20
Distinct Haplotypes = 5
Stationary = 0.72895
Haplotypes
0 0 0 1 0 0 0 0 1 0 0 1 0 0 1 0 0 1 0 0 14
0 1 0 0 1 0 0 1 0 1 0 0 0 0 0 1 0 0 1 0 1
0 0 0 1 0 0 0 0 1 0 0 0 0 0 1 0 0 1 0 0 2
0 0 0 1 0 0 0 0 1 0 1 1 0 0 1 0 1 1 0 0 1
0 0 1 0 0 1 1 0 0 0 0 0 1 1 0 0 0 0 0 1 2

Mutation
0.0 1.0 0.0 1.0

Positions
0.00 722.00 2536.00 4847.00 5049.00 5281.00 5897.00 5921.00 6095.00 7904.00 8607.00 10392.00 11524.00 12634.00 12638.00 13945.00 13956.00 14473.00 15328.00 16492.00 
#