Loci = 38
Genes = 20
Distinct Haplotypes = 9
Stationary = 0.79189
Haplotypes
0 1 0 1 1 0 0 0 0 0 0 0 0 1 0 0 0 0 0 0 0 0 0 0 0 0 0 0 0 0 0 1 0 0 0 0 1 1 10
0 1 0 0 0 0 0 0 0 0 0 1 0 0 0 0 0 1 1 0 0 1 0 1 0 0 0 0 1 0 0 0 0 0 0 1 1 1 1
0 0 0 0 0 0 0 0 1 0 1 0 0 0 1 0 0 0 0 0 0 0 0 0 1 0 0 0 0 1 0 0 0 1 0 0 0 0 3
0 0 0 0 0 0 0 0 1 0 1 0 1 0 1 1 0 0 0 0 0 0 0 0 1 0 0 0 0 1 0 0 1 1 0 0 0 0 1
0 0 1 0 0 1 0 0 0 1 0 0 0 0 0 0 1 0 0 1 1 0 1 0 0 0 1 1 0 0 1 0 0 0 1 0 1 0 1
0 0 0 0 0 0 0 0 1 0 1 0 0 0 1 1 0 0 0 0 0 0 0 0 1 0 0 0 0 1 0 0 0 1 0 0 0 0 1
0 0 0 0 0 0 1 0 1 0 1 0 1 0 1 1 0 0 0 0 0 0 0 0 1 0 0 0 0 1 0 0 1 1 0 0 0 0 1
0 0 0 0 0 0 1 0 1 0 1 0 1 0 1 1 0 0 0 0 0 0 0 0 1 1 0 0 0 1 0 0 1 1 0 0 0 0 1
0 0 0 0 0 0 0 1 1 0 1 0 0 0 1 0 0 0 0 0 0 0 0 0 1 0 0 0 0 1 0 0 0 1 0 0 0 0 1

Mutation
0.0 1.0 0.0 1.0

Positions
0.00 44.00 976.00 1754.00 2168.00 3832.00 4037.00 4437.00 4677.00 4847.00 4902.00 5134.00 5281.00 5334.00 5832.00 5897.00 6299.00 6376.00 6444.00 6510.00 6925.00 7904.00 7927.00 8403.00 8576.00 8607.00 8635.00 9099.00 9166.00 9336.00 9828.00 11045.00 11465.00 11850.00 12638.00 14157.00 14466.00 16375.00 
#