Loci = 24
Genes = 20
Distinct Haplotypes = 6
Stationary = 0.72174
Haplotypes
0 0 0 0 0 1 0 1 1 1 0 1 0 0 0 0 0 0 0 0 1 1 1 0 10
0 0 0 1 0 0 1 0 0 0 0 0 1 0 0 0 0 0 0 0 0 0 0 1 5
0 0 0 1 0 0 1 0 0 0 0 0 1 1 0 0 0 0 0 0 0 0 0 1 2
0 0 0 1 0 0 1 0 0 0 0 0 1 0 0 0 0 0 1 0 0 0 0 1 1
0 1 0 0 1 0 0 1 0 0 1 1 0 0 1 1 1 1 0 1 0 0 0 0 1
0 0 1 0 0 0 0 1 0 0 0 1 0 0 0 0 0 0 0 0 0 0 0 0 1

Mutation
0.0 1.0 0.0 1.0

Positions
0.00 68.00 712.00 3200.00 3832.00 4482.00 4866.00 5248.00 5281.00 6095.00 6299.00 6376.00 7625.00 7904.00 8457.00 8607.00 9099.00 9224.00 10392.00 10571.00 11465.00 12638.00 14473.00 14660.00 
#