Loci = 32
Genes = 20
Distinct Haplotypes = 5
Stationary = 0.77742
Haplotypes
0 0 1 0 0 0 1 0 0 0 0 0 1 0 0 0 1 0 0 0 0 1 0 0 1 0 0 0 0 0 0 0 15
0 1 0 0 0 1 0 0 0 1 0 1 0 1 1 0 0 0 0 0 0 0 1 0 0 0 0 0 0 0 1 1 2
0 0 1 0 0 0 1 0 0 0 0 0 1 0 0 0 1 0 1 0 0 1 0 0 1 0 0 0 0 0 0 0 1
0 0 0 0 1 0 0 0 0 1 1 0 0 1 0 0 0 0 0 0 1 0 1 1 0 1 0 1 1 1 0 0 1
0 0 0 1 0 0 0 1 1 1 0 0 0 1 0 1 0 1 0 1 0 0 1 1 0 0 1 0 0 1 0 0 1

Mutation
0.0 1.0 0.0 1.0

Positions
0.00 722.00 976.00 1798.00 2504.00 5049.00 5123.00 5134.00 5690.00 5786.00 5897.00 5921.00 6925.00 7440.00 7625.00 7904.00 7927.00 8403.00 8457.00 8502.00 8607.00 8635.00 8965.00 9166.00 9620.00 9828.00 11045.00 11460.00 12634.00 14157.00 14660.00 15073.00 
#