Loci = 27
Genes = 20
Distinct Haplotypes = 7
Stationary = 0.78462
Haplotypes
0 0 0 0 0 0 1 0 0 0 0 0 0 0 0 0 1 0 0 0 0 0 0 0 0 0 1 11
0 0 1 0 0 1 0 0 1 0 0 0 1 0 0 1 0 1 0 1 0 1 0 0 1 1 0 4
0 0 1 0 0 0 0 0 1 1 0 0 1 0 0 0 0 0 0 1 0 0 0 0 1 1 0 1
0 1 0 1 0 0 0 1 0 0 1 1 0 1 1 0 0 0 1 0 1 0 1 0 0 0 0 1
0 0 1 0 1 0 0 0 1 0 0 0 1 0 0 0 0 0 0 1 0 1 0 0 1 1 0 1
0 0 1 0 0 0 0 0 1 0 0 0 1 0 0 0 0 0 0 1 0 0 0 0 1 1 0 1
0 0 1 0 0 0 0 0 1 1 0 0 1 0 0 0 0 0 0 1 0 0 0 1 1 1 0 1

Mutation
0.0 1.0 0.0 1.0

Positions
0.00 68.00 487.00 955.00 1378.00 2987.00 3618.00 3832.00 3980.00 4482.00 4652.00 5134.00 6095.00 6299.00 7904.00 8190.00 8477.00 8607.00 9099.00 9146.00 9224.00 10392.00 10571.00 14404.00 14473.00 14660.00 15073.00 
#