Loci = 20
Genes = 20
Distinct Haplotypes = 7
Stationary = 0.62105
Haplotypes
0 0 0 0 1 0 0 0 0 1 0 0 0 1 0 0 0 1 0 0 10
0 1 1 1 0 0 1 0 1 0 1 1 1 0 1 1 0 0 1 1 4
0 1 1 1 0 0 1 0 1 0 1 1 1 0 1 1 1 0 1 1 2
0 0 0 0 1 0 0 0 0 1 0 0 0 0 0 0 0 1 0 0 1
0 0 0 0 1 1 0 0 0 1 0 0 0 0 0 0 0 1 0 0 1
0 1 1 1 0 0 1 1 1 0 1 1 1 0 1 1 0 0 1 1 1
0 1 1 1 0 0 1 0 0 0 1 1 0 0 1 1 0 0 1 1 1

Mutation
0.0 1.0 0.0 1.0

Positions
0.00 68.00 712.00 955.00 2536.00 2987.00 3832.00 4437.00 5134.00 5281.00 6299.00 6510.00 7904.00 8607.00 9099.00 9224.00 9708.00 10392.00 10571.00 14498.00 
#