Loci = 23
Genes = 20
Distinct Haplotypes = 7
Stationary = 0.79318
Haplotypes
0 0 0 0 0 0 0 0 1 1 0 0 0 0 0 0 0 0 0 1 0 1 0 10
0 1 0 0 0 1 0 0 0 0 1 0 0 0 0 0 0 0 0 0 1 0 1 3
0 0 1 0 0 0 1 1 0 0 0 1 1 0 1 1 0 0 1 0 0 0 0 1
0 0 0 0 0 1 0 0 0 0 1 0 0 0 0 0 0 0 0 0 1 0 1 3
0 0 0 0 0 1 0 0 0 0 1 0 0 1 0 0 1 1 0 0 1 0 1 1
0 0 0 1 0 1 0 0 0 0 1 0 0 0 0 0 0 0 0 0 1 0 1 1
0 0 1 0 1 0 0 0 0 0 0 1 0 0 0 1 0 0 0 0 0 0 0 1

Mutation
0.0 1.0 0.0 1.0

Positions
0.00 2987.00 3832.00 4482.00 4652.00 4847.00 5134.00 5281.00 5897.00 6016.00 6095.00 6299.00 7904.00 8457.00 8607.00 9099.00 10392.00 11089.00 11465.00 12634.00 12638.00 14166.00 14473.00 
#