Loci = 31
Genes = 20
Distinct Haplotypes = 10
Stationary = 0.79167
Haplotypes
0 0 1 0 0 0 0 1 1 0 0 0 0 0 0 0 0 0 0 0 0 0 0 1 0 0 0 0 1 0 0 10
0 0 0 0 0 1 0 0 0 1 0 0 0 0 1 0 0 1 0 0 0 1 0 0 0 0 0 0 0 1 0 2
0 0 0 0 0 1 0 0 0 1 0 0 0 0 1 0 1 1 0 0 0 1 0 0 0 0 0 0 0 1 0 1
0 1 0 0 0 0 0 0 0 0 0 1 0 0 0 0 0 0 0 0 1 0 1 0 0 0 1 1 0 0 0 1
0 0 0 1 0 1 0 0 0 1 0 0 0 0 1 1 0 1 0 0 0 1 0 0 0 0 0 0 0 1 0 1
0 0 0 0 0 1 0 0 0 1 1 0 0 0 1 0 0 1 0 0 0 1 0 0 0 1 0 0 0 1 1 1
0 1 0 0 0 0 0 0 0 0 0 1 0 0 0 0 0 0 0 1 1 0 1 0 0 0 1 1 0 0 0 1
0 0 0 0 0 1 0 0 0 1 1 0 0 0 1 0 0 1 0 0 0 1 0 0 0 1 0 0 0 1 0 1
0 0 0 0 1 1 0 0 0 1 0 0 1 1 1 0 0 1 1 0 0 1 0 0 0 0 0 0 0 1 0 1
0 0 0 0 0 1 1 0 0 1 0 0 0 0 1 0 0 1 0 0 0 1 0 0 1 0 0 0 0 1 0 1

Mutation
0.0 1.0 0.0 1.0

Positions
0.00 487.00 2168.00 2987.00 3832.00 4677.00 5281.00 5334.00 5611.00 5786.00 5897.00 6095.00 6299.00 6510.00 7440.00 8190.00 8607.00 8965.00 9099.00 9225.00 9270.00 10858.00 11232.00 11460.00 11465.00 12634.00 13406.00 13552.00 13737.00 15241.00 16474.00 
#