Loci = 29
Genes = 20
Distinct Haplotypes = 6
Stationary = 0.70536
Haplotypes
0 1 0 0 0 0 0 1 0 1 0 0 0 0 0 0 0 1 0 1 0 0 0 0 0 1 1 1 0 15
0 0 1 0 1 0 0 0 1 0 0 1 1 0 0 1 0 0 1 0 0 0 1 1 1 0 0 0 1 1
0 0 1 0 1 1 0 0 0 0 0 1 1 0 0 1 0 0 1 0 0 0 1 1 1 0 0 0 0 1
0 0 0 1 0 0 1 0 0 0 1 0 0 0 1 1 0 0 0 0 1 0 1 0 0 0 0 0 0 1
0 0 0 1 0 0 1 0 0 0 1 0 0 1 1 1 0 0 0 0 0 1 1 0 0 0 0 0 0 1
0 1 0 0 0 0 0 1 0 1 0 0 0 0 0 0 1 1 0 1 0 0 0 0 0 1 1 1 0 1

Mutation
0.0 1.0 0.0 1.0

Positions
0.00 44.00 487.00 2504.00 2834.00 2987.00 3200.00 3440.00 3832.00 4846.00 4866.00 5248.00 5869.00 5897.00 7625.00 8576.00 8607.00 8616.00 9146.00 9828.00 11680.00 11787.00 11850.00 13737.00 14473.00 14943.00 15000.00 16375.00 16474.00 
#