Loci = 28
Genes = 20
Distinct Haplotypes = 8
Stationary = 0.72963
Haplotypes
0 0 0 1 1 0 0 0 0 0 0 0 0 0 0 1 0 0 0 1 0 1 0 0 1 1 1 0 12
0 0 0 1 1 1 0 0 0 0 0 0 0 0 0 1 0 0 0 1 0 1 0 0 1 1 1 0 1
0 0 0 0 0 0 0 1 0 0 0 0 0 0 0 0 0 0 0 0 1 0 0 0 0 0 0 0 2
0 0 0 0 0 0 0 1 0 0 0 0 0 0 0 0 0 0 1 0 1 0 0 0 0 0 0 0 1
0 1 1 0 0 0 0 0 0 1 0 0 0 1 1 0 0 0 0 0 0 0 1 1 0 0 0 1 1
0 0 0 1 1 0 0 0 1 0 0 0 0 0 0 1 0 0 0 1 0 1 0 0 1 1 1 0 1
0 1 0 0 0 0 1 0 0 0 0 1 1 1 0 0 0 0 0 0 0 0 0 1 0 0 0 1 1
0 0 0 1 0 0 0 0 0 0 1 0 0 0 0 1 1 1 0 1 0 1 0 0 1 1 1 0 1

Mutation
0.0 1.0 0.0 1.0

Positions
0.00 487.00 722.00 976.00 1798.00 2987.00 3618.00 3980.00 4437.00 5049.00 5134.00 5897.00 6016.00 6095.00 6597.00 6925.00 7904.00 8403.00 8607.00 9270.00 9828.00 11232.00 11680.00 12638.00 13406.00 13552.00 14391.00 14473.00 
#