Loci = 21
Genes = 20
Distinct Haplotypes = 9
Stationary = 0.60500
Haplotypes
0 1 1 0 0 1 1 0 1 1 0 0 0 0 1 0 1 0 0 1 1 10
0 1 0 0 1 0 1 0 0 1 0 0 0 0 1 0 0 0 1 1 1 1
0 0 0 0 0 0 0 1 0 0 0 0 1 0 0 0 0 0 0 0 0 1
0 0 0 1 0 0 0 0 0 0 1 0 0 0 0 1 0 1 0 0 0 3
0 1 0 0 0 1 1 0 1 1 0 0 0 1 1 0 1 0 0 1 1 1
0 1 0 0 0 1 1 0 1 1 0 0 0 0 1 0 0 0 0 1 1 1
0 0 0 0 0 0 0 1 0 0 0 1 0 0 0 0 0 0 0 0 0 1
0 1 0 0 0 1 1 0 1 1 0 0 0 0 1 0 1 0 0 1 1 1
0 1 0 0 0 0 1 0 0 1 0 0 0 0 1 0 0 0 1 1 1 1

Mutation
0.0 1.0 0.0 1.0

Positions
0.00 487.00 1378.00 1798.00 2633.00 3618.00 3980.00 5897.00 6016.00 6095.00 6597.00 7904.00 8314.00 8607.00 9146.00 9828.00 10392.00 11680.00 11787.00 14473.00 14660.00 
#