Loci = 33
Genes = 20
Distinct Haplotypes = 8
Stationary = 0.73594
Haplotypes
0 0 0 0 1 1 1 0 1 0 0 0 1 0 0 0 0 0 0 1 0 0 0 0 0 1 0 1 0 0 1 0 0 10
0 0 0 1 1 1 1 0 1 0 0 0 1 0 0 0 0 0 0 1 0 0 0 0 0 1 0 1 0 0 1 0 0 2
0 0 0 0 0 0 0 0 1 0 1 0 1 0 0 0 0 0 0 1 0 0 1 0 0 0 0 0 1 1 0 1 1 1
0 0 1 0 0 0 0 0 1 0 0 0 1 1 0 1 1 0 0 1 0 0 1 0 0 0 0 0 1 1 0 0 0 1
0 1 0 0 0 0 0 0 0 0 0 0 0 0 0 0 0 0 0 0 1 1 0 1 1 0 0 0 0 0 0 0 0 2
0 0 0 0 1 0 1 0 1 0 0 1 1 0 0 0 0 0 0 1 0 0 0 0 0 1 0 1 0 0 1 0 0 1
0 0 0 0 0 0 0 1 1 1 0 0 1 0 0 0 0 1 0 1 0 0 0 0 0 0 1 1 0 0 1 0 0 1
0 1 0 0 0 0 0 0 0 0 0 0 0 0 1 0 0 0 1 0 1 1 0 1 0 0 0 0 0 0 0 0 0 2

Mutation
0.0 1.0 0.0 1.0

Positions
0.00 44.00 722.00 1585.00 1754.00 1798.00 2168.00 2504.00 3440.00 3990.00 4437.00 4652.00 4846.00 5049.00 5134.00 5921.00 6597.00 6608.00 7904.00 8616.00 8641.00 9152.00 9166.00 9586.00 10392.00 11045.00 11460.00 13406.00 14025.00 14157.00 14391.00 15073.00 16492.00 
#